91
57
36
51
81
99
93
21
91
74
96
53
12
25
41
66
1
24
40
31
40
98
39
84
23
37
77
5
67
8
74
47
74
19
16
14
67
32
66
34
10
11
49
99
55
8
95
59
36
12
98
62
52
51
97
63
44
91
47
1
90
52
98
66
44
13
48
79
67
37
73
18
66
52
43
8
21
51
38
90
75
7
95
29
51
89
85
13
71
94
52
32
69
36
22
18
59
58
41
27
97
55
54
23
20
30
42
35
8
77
11
84
80
56
49
62
92
26
82
53
78
6
24
97
8
50
81
68
75
75
41
96
72
4
99
77
53
36
14
6
64
62
86
79
18
12
79
42
74
96
77
47
74
30
15
98
57
32
50
90
23
35
17
28
55
9
73
46
5
48
16
1
63
62
64
46
4
16
94
7
39
93
92
55
38
80
84
60
52
16
61
25
63
87
20
25
98
84
98
81
21
56
54
97
76
98
16
15
12
92
100
92
68
73
94
83
59
58
47
69
4
82
59
19
25
70
38
44
23
14
83
71
78
68
25
22
71
23
59
83
94
91
94
3
83
93
71
80
93
44
7
70
50
31
85
67
47
85
13
35
30
95
7
63
85
82
10
89
47
98
1
59
1
37
97
81
70
9
7
91
3
97
2
77
61
31
96
18
85
51
2
59
33
17
14
49
73
31
78
67
69
38
43
67
80
41
48
78
94
73
25
77
27
46
67
73
30
60
68
25
90
84
10
5
28
25
98
21
77
22
97
67
25
64
61
68
52
87
90
81
55
8
28
28
96
63
62
79
22
2
79
53
42
80
29
66
53
60
8
43
25
5
93
36
91
6
73
52
52
18
27
53
72
81
58
72
63
89
44
31
18
26
18
74
44
41
17
32
89
16
70
40
69
22
75
50
23
50
16
46
16
89
45
42
14
31
1
39
83
15
58
94
47
78
54
96
47
79
37
83
75
11
98
98
74
53
88
25
50
9
34
52
67
84
7
11
60
89
75
15
43
16
5
86
76
78
47
42
25
55
41
94
38
57
52
6
16
8
36
55
16
58
49
63
31
90
32
10
16
89
61
77
41
83
62
5
63
92
84
13
2
16
26
90
51
66
76
24
4
8
75
2
11
41
87
75
70
23
21
76
93
25
23
17
62
81
4
3
46
99
78
94
73
61
48
63
19
84
84
45
68
15
27
37
46
98
58
61
3
15
73
16
44
17
99
46
55
7
95
54
74
89
57
67
28
91
86
44
96
58
5
18
75
74
57
96
90
95
54
45
61
91
57
61
13
79
42
78
91
48
19
43
55
21
6
31
67
36
79
9
45
74
35
6
30
44
57
25
67
23
16
65
6
85
48
6
68
75
88
90
71
40
100
65
79
24
73
78
61
33
26
56
27
31
14
75
2
41
54
59
66
38
50
19
49
53
14
80
94
45
95
52
91
24
36
21
82
94
60
79
10
79
60
73
94
59
56
94
79
27
12
66
84
80
44
23
94
46
42
88
87
86
27
83
23
94
25
98
41
98
1
100
1
81
87
5
63
98
98
43
54
44
23
82
88
78
81
60
34
11
35
98
97
100
76
77
54
32
29
70
96
8
26
90
53
95
66
61
87
6
95
28
35
68
27
14
33
52
21
83
78
24
44
27
99
8
46
83
16
48
22
2
45
2
97
44
67
29
41
6
62
71
54
6
88
33
50
54
30
85
51
67
73
57
57
68
92
18
69
76
15
90
21
73
84
70
48
55
64
18
77
55
2
53
38
41
24
57
46
2
28
12
28
31
68
65
18
36
1
14
6
38
81
94
15
84
59
53
9
4
60
9
47
30
52
51
53
84
72
46
30
29
1
8
1
50
49
63
2
21
14
37
60
90
24
78
56
90
84
9
37
77
86
11
27
81
75
73
70
47
57
54
45
69
100
75
18
73
11
27
19
74
39
73
15
13
42
100
28
30
42
62
24
11
42
15
89
52
46
52
53
31
21
21
88
97
9
30
43
60
53
72
17
84
36
97
26
52
41
74
33
78
24
41
29
86
1
35
75
26
20
27
4
93
42
24
39
94
15
22
33
66
22
79
17
64
70
26
87
82
63
8
16
5
59
76
32
57
41
45
9
25
6
37
7
27
33
20
72
66
3
37
60
57
18
63
79
66
90
85
21
6
89
34
76
26
83
95
100
22
96
5
51
31
12
45
52
96
78
71
93
50
8
13
56
13
97
6
14
67
53
93
33
89
36
45
76
62
2
19
94
7
43
51
99
81
18
43
44
15
9
89
84
14
24
73
57
6
20
25
21
97
86
30
17
58
15
39
45
4
18
30
6
34
17
30
85
70
19
9
5
8
75
87
27
8
89
7
28
36
80
59
71
96
22
5
52
6
55
68
42
73
86
67
34
35
51
96
100
47
86
22
46
20
47
1
57
26
69
100
46
65
57
36
44
2
41
11
73
18
62
86
33
84
47
70
51
77
17
13
21
52
51
22
36
15
95
59
33
97
31
65
49
14
53
24
66
15
82
12
29
48
81
35
88
31
90
70
51
95
67
12
88
94
45
37
43
99
49
69
86
94
94
61
45
49
1
42
30
53
50
85
1
21
36
63
40
15
50
59
29
100
82
99
9
16
11
72
81
36
57
13
91
54
20
13
25
16
49
8
52
72
86
42
43
34
100
62
16
69
79
3
52
5
77
100
82
49
12
45
88
27
93
17
29
58
27
88
3
99
4
50
89
69
97
62
39
73
35
25
75
17
82
92
50
52
89
60
99
65
50
88
48
71
92
10
22
8
12
75
73
8
7
19
51
58
64
25
11
4
14
80
51
42
51
74
100
3
60
52
67
82
82
72
26
36
86
32
38
7
65
48
9
57
93
26
56
52
11
79
54
12
72
40
33
52
12
91
75
37
28
41
89
67
28
59
18
11
23
94
15
21
26
19
79
40
7
58
54
48
78
92
62
23
18
75
65
80
61
40
25
88
63
7
5
83
80
79
32
84
18
64
74
25
17
19
94
6
86
83
42
10
40
73
22
36
29
73
60
94
56
62
46
59
4
26
21
28
95
19
40
62
47
4
35
85
12
35
47
53
2
14
21
42
59
46
76
50
99
22
52
47
17
26
16
94
39
41
8
5
77
11
25
14
94
33
13
57
55
47
13
70
90
5
53
72
20
11
34
75
58
14
71
22
98
54
94
1
89
24
55
18
78
64
63
75
5
3
45
43
27
21
100
22
97
80
99
94
9
22
95
5
32
36
16
81
95
70
64
64
87
5
82
35
83
46
66
46
57
86
95
93
64
81
2
59
25
62
97
63
20
89
74
63
6
81
50
85
54
43
1
81
82
55
5
61
52
33
49
40
17
67
88
45
77
34
40
7
32
27
98
60
99
7
26
79
43
20
15
53